Win[0][1]:0.5000000, Win[0][1]:0.1111111
Win[0][2]:0.3333333, Win[0][2]:0.4444444
Win[0][3]:0.1666667, Win[0][3]:0.4444444
Win[0][4]:0.5000000, Win[0][4]:0.3333333
Win[0][5]:0.3333333, Win[0][5]:0.0555556
Win[0][6]:0.5000000, Win[0][6]:0.0555556
Win[1][0]:0.3333333, Win[1][0]:1.0000000
Win[1][2]:0.6666667, Win[1][2]:1.3333334
Win[1][3]:0.3333333, Win[1][3]:1.3333334
Win[1][4]:1.0000000, Win[1][4]:1.0000000
Win[1][5]:0.6666667, Win[1][5]:0.1666667
Win[1][6]:1.0000000, Win[1][6]:0.1666667
Win[2][0]:0.0909091, Win[2][0]:0.6000000
Win[2][1]:0.2727273, Win[2][1]:0.2000000
Win[2][3]:0.0909091, Win[2][3]:0.8000000
Win[2][4]:0.2727273, Win[2][4]:0.6000000
Win[2][5]:0.1818182, Win[2][5]:0.1000000
Win[2][6]:0.2727273, Win[2][6]:0.1000000
Win[3][0]:0.1111111, Win[3][0]:0.4285714
Win[3][1]:0.3333333, Win[3][1]:0.1428571
Win[3][2]:0.2222222, Win[3][2]:0.5714286
Win[3][4]:0.3333333, Win[3][4]:0.4285714
Win[3][5]:0.2222222, Win[3][5]:0.0714286
Win[3][6]:0.3333333, Win[3][6]:0.0714286
Win[4][0]:0.1250000, Win[4][0]:0.5454546
Win[4][1]:0.3750000, Win[4][1]:0.1818182
Win[4][2]:0.2500000, Win[4][2]:0.7272727
Win[4][3]:0.1250000, Win[4][3]:0.7272727
Win[4][5]:0.2500000, Win[4][5]:0.0909091
Win[4][6]:0.3750000, Win[4][6]:0.0909091
Win[5][0]:2.0000000, Win[5][0]:6.0000000
Win[5][1]:6.0000000, Win[5][1]:2.0000000
Win[5][2]:4.0000000, Win[5][2]:8.0000000
Win[5][3]:2.0000000, Win[5][3]:8.0000000
Win[5][4]:6.0000000, Win[5][4]:6.0000000
Win[5][6]:6.0000000, Win[5][6]:1.0000000
Win[6][0]:2.0000000, Win[6][0]:6.0000000
Win[6][1]:6.0000000, Win[6][1]:2.0000000
Win[6][2]:4.0000000, Win[6][2]:8.0000000
Win[6][3]:2.0000000, Win[6][3]:8.0000000
Win[6][4]:6.0000000, Win[6][4]:6.0000000
Win[6][5]:4.0000000, Win[6][5]:1.0000000
